# Custom dircolors - matches Oh My Posh netresearch theme
# Color palette from One Dark theme
#
# Teal (prompt):  #2F99A4 = 38;2;47;153;164
# Red:            #e06c75 = 38;2;224;108;117
# Green:          #98c379 = 38;2;152;195;121
# Yellow:         #e5c07b = 38;2;229;192;123
# Blue:           #61afef = 38;2;97;175;239
# Purple:         #c678dd = 38;2;198;120;221
# Cyan:           #56b6c2 = 38;2;86;182;194
# Gray:           #5c6370 = 38;2;92;99;112

# Terminal filters
COLORTERM ?*
TERM *color*
TERM *direct*
TERM xterm*
TERM screen*
TERM tmux*
TERM ghostty

# Basic file attributes
RESET 0
DIR 01;38;2;97;175;239              # directories: bold blue
LINK 38;2;47;153;164                # symlinks: teal (matches prompt)
MULTIHARDLINK 00
FIFO 40;33                          # pipe: yellow on black
SOCK 01;38;2;198;120;221            # socket: bold purple
DOOR 01;38;2;198;120;221            # door: bold purple
BLK 40;33;01                        # block device
CHR 40;33;01                        # character device
ORPHAN 01;38;2;224;108;117          # broken symlink: bold red
MISSING 00
SETUID 37;41                        # setuid: white on red
SETGID 30;43                        # setgid: black on yellow
CAPABILITY 00
STICKY_OTHER_WRITABLE 30;42         # sticky+world-writable: black on green
OTHER_WRITABLE 34;42                # world-writable: blue on green
STICKY 37;44                        # sticky: white on blue
EXEC 01;38;2;152;195;121            # executables: bold green

# Archives - yellow
.tar 38;2;229;192;123
.tgz 38;2;229;192;123
.arc 38;2;229;192;123
.arj 38;2;229;192;123
.taz 38;2;229;192;123
.lha 38;2;229;192;123
.lz4 38;2;229;192;123
.lzh 38;2;229;192;123
.lzma 38;2;229;192;123
.tlz 38;2;229;192;123
.txz 38;2;229;192;123
.tzo 38;2;229;192;123
.t7z 38;2;229;192;123
.zip 38;2;229;192;123
.z 38;2;229;192;123
.dz 38;2;229;192;123
.gz 38;2;229;192;123
.lrz 38;2;229;192;123
.lz 38;2;229;192;123
.lzo 38;2;229;192;123
.xz 38;2;229;192;123
.zst 38;2;229;192;123
.tzst 38;2;229;192;123
.bz2 38;2;229;192;123
.bz 38;2;229;192;123
.tbz 38;2;229;192;123
.tbz2 38;2;229;192;123
.tz 38;2;229;192;123
.deb 38;2;229;192;123
.rpm 38;2;229;192;123
.jar 38;2;229;192;123
.war 38;2;229;192;123
.ear 38;2;229;192;123
.sar 38;2;229;192;123
.rar 38;2;229;192;123
.alz 38;2;229;192;123
.ace 38;2;229;192;123
.zoo 38;2;229;192;123
.cpio 38;2;229;192;123
.7z 38;2;229;192;123
.rz 38;2;229;192;123
.cab 38;2;229;192;123
.wim 38;2;229;192;123
.swm 38;2;229;192;123
.dwm 38;2;229;192;123
.esd 38;2;229;192;123

# Images/video - purple
.avif 38;2;198;120;221
.jpg 38;2;198;120;221
.jpeg 38;2;198;120;221
.mjpg 38;2;198;120;221
.mjpeg 38;2;198;120;221
.gif 38;2;198;120;221
.bmp 38;2;198;120;221
.pbm 38;2;198;120;221
.pgm 38;2;198;120;221
.ppm 38;2;198;120;221
.tga 38;2;198;120;221
.xbm 38;2;198;120;221
.xpm 38;2;198;120;221
.tif 38;2;198;120;221
.tiff 38;2;198;120;221
.png 38;2;198;120;221
.svg 38;2;198;120;221
.svgz 38;2;198;120;221
.mng 38;2;198;120;221
.pcx 38;2;198;120;221
.mov 38;2;198;120;221
.mpg 38;2;198;120;221
.mpeg 38;2;198;120;221
.m2v 38;2;198;120;221
.mkv 38;2;198;120;221
.webm 38;2;198;120;221
.webp 38;2;198;120;221
.ogm 38;2;198;120;221
.mp4 38;2;198;120;221
.m4v 38;2;198;120;221
.mp4v 38;2;198;120;221
.vob 38;2;198;120;221
.qt 38;2;198;120;221
.nuv 38;2;198;120;221
.wmv 38;2;198;120;221
.asf 38;2;198;120;221
.rm 38;2;198;120;221
.rmvb 38;2;198;120;221
.flc 38;2;198;120;221
.avi 38;2;198;120;221
.fli 38;2;198;120;221
.flv 38;2;198;120;221
.gl 38;2;198;120;221
.dl 38;2;198;120;221
.xcf 38;2;198;120;221
.xwd 38;2;198;120;221
.yuv 38;2;198;120;221
.cgm 38;2;198;120;221
.emf 38;2;198;120;221
.ogv 38;2;198;120;221
.ogx 38;2;198;120;221

# Audio - cyan
.aac 38;2;86;182;194
.au 38;2;86;182;194
.flac 38;2;86;182;194
.m4a 38;2;86;182;194
.mid 38;2;86;182;194
.midi 38;2;86;182;194
.mka 38;2;86;182;194
.mp3 38;2;86;182;194
.mpc 38;2;86;182;194
.ogg 38;2;86;182;194
.ra 38;2;86;182;194
.wav 38;2;86;182;194
.oga 38;2;86;182;194
.opus 38;2;86;182;194
.spx 38;2;86;182;194
.xspf 38;2;86;182;194

# Backup/temp files - gray
*~ 38;2;92;99;112
*# 38;2;92;99;112
.bak 38;2;92;99;112
.crdownload 38;2;92;99;112
.dpkg-dist 38;2;92;99;112
.dpkg-new 38;2;92;99;112
.dpkg-old 38;2;92;99;112
.dpkg-tmp 38;2;92;99;112
.old 38;2;92;99;112
.orig 38;2;92;99;112
.part 38;2;92;99;112
.rej 38;2;92;99;112
.rpmnew 38;2;92;99;112
.rpmorig 38;2;92;99;112
.rpmsave 38;2;92;99;112
.swp 38;2;92;99;112
.tmp 38;2;92;99;112
.ucf-dist 38;2;92;99;112
.ucf-new 38;2;92;99;112
.ucf-old 38;2;92;99;112
